63543729095902849238
2003998089
5908673803
5058632987
5817663613
5195122668
6069141732
5509747690
6069452171
6032988740
5600834100
1008788619
5043630343
5856085391
5235865310
6325158425
6159567008
1483390408
1374311160
848632311
484159971
5428220371
1581890707
1508120182
827407242
244507114
5711448824
836290825
377274386
6106670274
2082693801
2099133212
5954803481
6379587128
1189838414
1088163005
1203131929
6277848912
1829781561
1431182218
5979169245
6306646620
5719790041
6320945769
6019542200
159278312
6442163708
6318677234
1938066989
6278361180
1742202204
5027147479
1932180767
6110616090
6630822203
5001756280
817866316
6067472997
1591954867
5785351849
1682405958
6437969089
5267296499
857589496
6521418160
5131454955
6060561961
1167762232
5031804098
6131272090
5056748965
6472374146
5674208863
1750323809
6668087584
5532188593
5620018953
2010472908
1381970317
5824182356
5438708204
5814431156
5318774320
5609019277
6200811380
6054318677
5274280782
6643935479
1662867558
5797296728
733875389
6219999739
6229337052
584967035
5555811816
5981759496
1397907112
5816913949
1790874584
5592413114
2100169167
6651531268
5071281981
6141815669
5554055371
6226684652
1497841653
6446838627
6603703169
5992946971
799698224
6653609750
5459449241
5985144832
578694874
6624660821
6488876741
6123836579
6510021743
6448207904
6083536751
1658437246
6556536343
5818707322
6252450107
6533298947
1546113551
6011414592
6232860669
6181044366
6585651718
6389407060
5996904096
6481115138
6353847203
6320436034
1483036160
5421736205
6630594184
5039371365
5692812655
6011359652
1230394567
5884712063
5300424736
5312018601
5401345233
6464251324
1384465846
5733073533
762725479
6455612944
6560159232
1833947501
5935731639
2135664671
6359097700
6421582462
6537836367
1727000483
5651227539
802904426
5516815903
6514169435
6458633639
6698788481
5635851026
6325866099
5827509072
5957283153
5597992992
5623309581
1093093689
6165879882
5904575989
5009514416
1842998766
1939230315
5074933824
5477835509
6076053998
5964207191
5995180511
5965818584
5204900764
6549297574
5080877094
249259666
6017340183
2075432364
6571485648
5962103885
5324143694
6164294861
5102606828
6156137374
2140399664
1048935297
6561913218
6379530747
6644291708
6033095636
5481775728
5606522749
6009663952
6420509632
6372553172
5767514620
6691670485
6548646889
6100861328
5726391211
5647403215
2078564037
6374498017
6598162442
6471521244
6068286120
5827094697
5838198639
6249081069
1303506368
166444692
5193314044
5914963819
5435847132
6576763067
6049713021
5291047521
5488825514
5932604672
1818987312
2028783620
1827744389
5641339146
5945477591
6560445266
5601328339
5871412860
6548823899
5326760822
6337732910
6691891934
1556466445
1600822478
5452852121
904901407
5497984396
5931683719
5455152653
1910496484
1033887598
5707555322
1445041906
150059691
6492134754
5900202560
5005907737
5180181397
6403898798
5376476400
6671521320
5554491552
6207506435
949760626
6373517255
6256436604
5851518880
5695324176
1408547933
6082906221
5609204953
1515769327
5964079884
5791495025
623224069
1452576745
2015041629
5614287167
6698474317
642146057
1833849992
1757855888
5542832982
738375122
364317371
5821784599
6290304654
5483403795
1264500463
6517131478
5424655022
5842169150
5180362313
6135713830
6594847775
5274267893
1355721043
5710762932
6624404780
5931436919
5089695805
5250882864
109925394
5124108017
5739617325
5415879596
5655046152
1526973391
6174414066
5524967572
6130448683
504916742
1939680256
2031345840
5900293940
1452787844
5412063277
5366171288
5023529360
647656489
998206269
5015688207
1093577921
6295092422
6262459393
5914943330
5364314544
6310785559
6217522320
5477548172
6299588816
5960037099
597701032
5298175754
908209302
5942383943
5796487753
1626805940
943040501
6506953254
6362746718
5866101049
1066800751
6552773647
1881974412
2016196765
6452004945
6103222873
6577618614
6213073916
6544354104
5759398304
2136211981
5435924464
98386058
5391742840
6198919945
6686141571
5084594174
6438502182
6050259737
5554980137
187866441
5179903732
6260502401
241059473
2143283416
5592747907
1520633871
5115894377
6286360927
6242227440
6359425943
6530315710
5600067082
6648520786
5821893226
5786306877
6584173103
6086484991
6263767251
6185049507
1110525020
5032718042
1073704887
6513689590
5765495152
5885331694
1687231181
5952354414
5358663642
6131012776
5842712987
5663157774
5510507252
1140052315
6265528699
5484936058
5931599911
1207915309
5974891472
1581609894
6309202331
6124952238
6064692143
313615756
6526461725
6105815457
6456198592
6267593198
2079200816
5353973414
1245824051
5519560681
6418623313
6378477492
6345572147
5617290789
1648951142
6003478793
5437420797
6166199637
1464460400
5047008039
1305083855
1930586704
1231472236
6384513422
6474310803
98119063
6043592465
6630065866
5315809240
6450629923
5288660488
5891786880
5488010341
5839748158
6139341283
5646898518
6232192133
5963042283
5714091690
5946148654
6335894497
5949930559
5280500795
5970550322
5693584840
6406251627
2115574643
6494610114
6520105129
1802630658
6477971330
5411167609
6354372909
5942578960
5904558595
6374793013
1316831130
5128409838
1259992675
740234926
5303912881
6080273257
403930397
1368162190
1124527846
5639084530
6535263665
6584437158
1442701959
6636325863
5027127747
6533887143
5143376517
5182694387
5283175150
5996379482
5204446628
914203448
6533731106
6137573428
6276897285
6718916212
5638911099
5418635429
1433406112
258500614
5993105162
5155975124
6400260523
5288254012
6182056828
5802575965
6800683520
6073547762
5676727406
6959274181
1754104753
6434410422
6403519414
5302698590
5905319625
2084731215
5805956929
5618322572
6257162498
6182766463
6296165745
5303631372
5857734200
5850325665
6792504044
94243768
6587169376
6514118696
1314210056
5403687934
6046344424
1915689474
1209632586
6461642504
6537436529
1392435604
5712408178
5712532177
6639244520
6135239982
5756573668
6566465331
1440910338
6302425417
1022268441
6778167801
1825991049
6689156781
1069111697
890650574
6353561478
6162667878
5400428929
5373295522
6055872412
5705817289
6335375117
5752784161
5730858028
5852220279
6915881665
5663952975
6124789039
6262454657
6381733583
6520452050
6570483079
1210920285
5231044961
6405861630
6394919940
6250018528
6530982676
5070098492
6147549888
5140558566
5690157971
2077073599
5014655232
6568480861
2076630347
6062082037
121234122
6450191737
6094694353
5815343252
6022538791
5451611180
382314607
1307585319
6356942356
6420478857
5985821362
1664681106
5798542609
5080106901
5270120537
5108676656
8715195261
6909922895
6627651120
871519526
5114216189
6565882500
5667889767
5035171898
5842878963
6318972042
2026609825
5528948789
5081681855
6864268921
457527359
5992359095
6049779397
6552534565
1829839872
5968520547
6010438585
5436144338
5327976793
5666936042
1297753856
5968791640
162719745
6378947492
5778916404
5948388044
5867208305
9108021324
91080213
6369684926
1087968824
1892585500
6848426186
6578617587
1887937808
5352193760
6681752724
874713186
6328177896
6607162361
6508600903
5713033770
1125365985
6961826395
6952171769
5992411643
6464311657
6419668281
5153853081
5829396139
6529835153
6407187157
5630702766
5671614381
6631576411
6925631423
5416314709
6194257474
6331343910
6714848524
371881056
6615486839
6203561943
6971690005
5910197071
5917874463
6409142992
1297467117
6006691358
6719951467
6936944771
5943218192
5712874298
1490286854
1752098215
1755766575
888157908
5575231063
6714545220
6336231520
5888178151
6098258344
2003466487
862529051
6391206729
6340160204
508722463
5518479991
5489894481
1408454502
5682839938
5842067106
837130392
6731231822
6748169587
1774329957
173674370
6513593283
1251947640
418213487
6845350614
5386564569
1283068491
6798286136
6367729154
6522210554
5536923333
5613295456
6927162203
6567991609
6738266383
5744976058
5696734944
5991970774
6338219686
6680162408
5319311558
1600951172
5918947854
2052377800
6060683616
1493823441
1983027996
6763690359
6685829909
6775405766
5701560095
6920273951
6326580236
5897874717
5802405750
6887276313
6443714208
6216228499
6779097157
6633494186
6548185183
6188906583
5755988316
2134380527
6507351991
6302782793
6903148958
6965816311
6494726771
6629637398
6707763585
1386499229
1990662029
5397147742
5699276173
5785727678
6130380060
6695080107
5953051158
6607615397
1607320593
6079164415
5973524499
6764301339
5585879611
6400300315
5356665537
5945391834
5619191087
6922426750